ae = 6378136.3;GM = 398600044150000;